aweme_id,cid,text,create_time,user_nickname,user_avatar,reply_comment_total,ip_label
7302232324941384971,7302242329305711394,阁下如何应对[比心][比心][比心],1700185791,风声,56ad770692af4c8bce380fefee4a1c4d.jpeg,19,重庆
7302232324941384971,7302233351019086619,可可爱爱的寨主,1700183695,ℒᎭℯ⃝寻味,58aab77724d9badd8a261c889c3cc7b1.jpeg,2,四川
7302232324941384971,7302261355036984075,寨主[大金牙]秒变小可爱[比心],1700190217,微醺,ec7f3c244dea1eef48edc326add9d12a.jpeg,9,云南
7302232324941384971,7302243790444741414,,1700186127,🦄小胡子,6db51f45ea1aea904a8e0f6660be09cb.jpeg,10,广东
7302232324941384971,7302308549844042531,是有些好看在脸上的,1700201204,劉壮实,e4eb3fa1dbb43a1afda6993fc2981676.jpeg,2,安徽
7302232324941384971,7302248949234057984,日出看了，总要去看日落吧！,1700187330,用户1764356019394,2f0c1d624595a7527daa35a19cf309de.jpeg,0,广东
7302232324941384971,7302321797305877257,爬山看日出,1700204288,無往,ec0ffab11676fc03b027aa3c519e1556.jpeg,0,广东
7302232324941384971,7302269850905281320,憨憨的寨主[耶][耶][耶],1700192194,⚽⚽⚽,17b36e2a7996593b75b23ea5559d7093.jpeg,0,重庆
7302232324941384971,7302239181883310884,[泪奔][泪奔],1700185057,GaGa,8a8ee230288c8020fc80a1f3ed75dd16.jpeg,4,广西
7302232324941384971,7302383347874218793,还得是寨主 日出很美 和你一样 早上在睡梦中打开直播间 看着看着又睡着了[泪奔] 没想到她张全蛋怪浪漫的嘞[看],1700218618,张全蛋的小心肝。,984f82d3e10b8a84628d574ef3279057.jpeg,1,浙江
7302232324941384971,7302313463015523082,谢谢君雅让我看到了海边日出🌄[比心][比心],1700202351,五蕴皆空,29d7dfb0dc0f153399d1174b055f1121.jpeg,0,安徽
7302232324941384971,7302254489266946825,平安快乐[比心][比心][比心],1700188616,CR-09¹²₁₀,ed5c532db843cb52076ddcff9ed35e94.jpeg,1,福建
7302232324941384971,7302349053664396082,,1700210636,诠释了全然不是.,a446763c72771b9eb56f650ba18676c4.jpeg,0,河北
7302232324941384971,7303084904031961856,这张最好看[灵机一动],1700381966,培祢箌铑,f40ce2854c14d449eb2e75ef54816aa1.jpeg,0,江西
7302232324941384971,7302245189270635315,游戏里的身法怪，现实里的螃蟹步[大笑][大笑],1700186453,阳光如你,92ac504e8a124f4b6a21109ed48e498c.jpeg,0,江苏
7302232324941384971,7302233999493481225,全蛋你那个舞蹈是想当炸裂[比心][比心][比心],1700183850,烟/栀º,02283f142b3e6a000f7adbec5c000867.jpeg,0,福建
7302232324941384971,7302282120827290403,请接招[比心][比心][比心],1700195053,小时不识月⁵¹⁰⁷⁴,b1fecc6b18e88d02eb4a5a66c22e98f4.jpeg,4,浙江
7302232324941384971,7302241663912903450,咱寨主就是飒,1700185634,Johnny✨⁵¹⁰⁷⁴,05da9de433068ea0da32505fd5af5d45.jpeg,1,四川
7302232324941384971,7304249025829651237,既然这样，我就只有祭出这张了[泪奔][泪奔][泪奔],1700653005,人间无事人*,68af23cfa4fcf3d01d06dce0d9dd2d56.jpeg,2,陕西
7302232324941384971,7302419637227291430,这对情侣在干啥？,1700227066,C,d4f87a8496ba3aa1a437fece17e8c29a.jpeg,2,广西
7302232324941384971,7302354437576917771,你们信吗，我出门还是短袖拖孩,1700211888,D🌈J,e20cefca3d0050bd093988e9aceaba1a.jpeg,2,广东
7302232324941384971,7302330023808959266,寨主好可爱,1700206205,橙橙⁷²⁹（晴书团队）,131b156ed25112abba0fa8fb35736216.jpeg,0,四川
7302232324941384971,7302296276863337252,啊猫表白了没，,1700198350,♥,03030a0d13d913cad0c0dd38bd245db3.jpeg,0,浙江
7302232324941384971,7302292538622526258,我拿出这个照片。阁下又如何应对呢？[呲牙][呲牙],1700197477,情感音乐,6095aa973075362e576d8c83164e4b25.jpeg,2,四川
7302232324941384971,7302280362880500514,,1700194641,用户1689017851486,2f0c1d624595a7527daa35a19cf309de.jpeg,0,河南
7302232324941384971,7302276452836229951,一米五实锤了[捂脸],1700193731,简单/,32041ca5690eb5b71136e975ad49942d.jpeg,4,河南
7302232324941384971,7302259310607237939,全蛋啊！你也整个星夜那样的裙子呗！好想看你穿[玫瑰],1700189740,Memor晴天,0af9ae99e65538204939fbc26ac17786.jpeg,1,安徽
7302232324941384971,7302250221043974975,@万柳柳 猫桑带大房看日出去了,1700187626,有痔青年,ecdb4b032447a2edac2b6e151e41a27d.jpeg,0,云南
7302232324941384971,7302249364487308051,天鹅变企鹅了🐧[呲牙],1700187428,Alicia阿丽莎,793603f120d2dfda01de80149911bae5.jpeg,0,澳大利亚
7302232324941384971,7302233270548022028,,1700183680,𝑾𝒆𝒊𝒓𝒅𝒐,32e2cdf255b7cbf0634228d2222d60db.jpeg,1,山东
7302232324941384971,7302232964166828819,好美，我说的是你。,1700183609,躺平的咸鱼,d1771b703902881ffbc7cbfc4e30c055.jpeg,0,天津
7302232324941384971,7302451089344971574,早上6点开播看日出，一分钟没到就2000多人，全程1个半小时4000多人默默的陪伴着，这在抖音应该没几个了，这就是我们喜欢的寨主。当下播的那一刻心里充满了伤感，不知道下一次何时才能陪伴寨主看寨主闹看寨主笑了[泣不成声][泣不成声],1700234393,蛋_蛋,3ede53f689442dcef1830670167c7393.jpeg,0,江西
7302232324941384971,7302391045978063626,我拿出这个，大房如何应对[奸笑],1700220410,冷暖自知★,a6438671f84f378206f46e7eafdd43de.jpeg,0,江苏
7302232324941384971,7302390539848205094,日出日落，希望都有你[比心][比心][比心],1700220294,繁花一梦,b234c22091159ad079460f58e2053d53.jpeg,0,江苏
7302232324941384971,7302360622892974889,第一次和喜欢的人看日出[害羞],1700213330,北風,0753a463ca59aa4c892a703784da74e7.jpeg,3,广东
7302232324941384971,7302325523605881627,螃蟹🦀走姿[捂脸],1700205157,宝宝很乖呢,3a6b1f10c2a997491930f91e307e2a46.jpeg,0,浙江
7302232324941384971,7302316547879109410,这是日落吧,1700203068,用户5179629622787,2f0c1d624595a7527daa35a19cf309de.jpeg,0,山东
7302232324941384971,7302302820786799400,可可爱爱搞搞怪怪[比心][比心][比心][比心],1700199874,张君雅是手❤️的🌞,89c2a7bcf4c01909c78b030a148967cc.jpeg,0,福建
7302232324941384971,7302299950821475081,[比心][比心][比心],1700199203,睡不醒的奶娃,52af5d258a87a70482aea5d7022a8b83.jpeg,0,浙江
7302232324941384971,7302298410337190719,感谢大房子带我们看日出！,1700198844,∨,2f0c1d624595a7527daa35a19cf309de.jpeg,0,湖北
7302232324941384971,7302286637717799721,这不争气的小鼻涕,1700196101,长夏归序•初安,a1a5a120ae3aa4b51572861a6d8f7d34.jpeg,0,贵州
7302232324941384971,7302285345847182130,摔沟里的图呢[偷笑][偷笑][偷笑],1700195800,03,f81c304f8d86bdf41e7af2d69acb3c08.jpeg,0,四川
7302232324941384971,7302276056915706636,寨主最可爱[比心],1700193640,星✨河 ⁵¹⁰⁷⁴,0c9d1aa454d440f0cb7c2851be85a678.jpeg,0,安徽
7302232324941384971,7302275739637285684,好小一只[捂脸],1700193565,醒九,2b9ad467e1cc3d5ba6a351c109b2cf60.jpeg,0,上海
7302232324941384971,7302274959220654884,就这么👌🏻高,1700193385,辰ᶜ🐸,3c51f4d9eecbd2e2493cd0def6542e5b.jpeg,1,辽宁
7302232324941384971,7302270393862931210,海边看日出的浪漫,1700192321,砚舟观星,4ebf609b84e90f33ef6cddcbbaedc4d5.jpeg,1,山东
7302232324941384971,7302267706253558528,好看的外貌千篇一律，有趣的灵魂万里挑一。 老板全有不得不爱。,1700191697,Zhou.,17a651746fd77d430e3cc384b8a80c0c.jpeg,0,河南
7302232324941384971,7302267561705734946,开心就好好不容易带妈妈出去走走，不一定非急于回家，喜欢你的粉丝都希望你开心[一起加油][一起加油][一起加油],1700191664,一人一❤一世界,d9db0a2e460b03ac35d4905ccaaaca87.jpeg,0,云南
7302232324941384971,7302267508735836937,怒班退[阴险],1700191651,Reng,159855f14df9b355fb82482744a34557.jpeg,0,浙江
7302232324941384971,7302265763074360099,可以有CP感,1700191244,都临,046dc0fee225fe366957e9f403fcbc1b.jpeg,0,湖北
7302232324941384971,7302265384907686694,,1700191155,老K会出手,adeddb8ef4bb8efd02526ae26c70cb99.jpeg,0,四川
7302232324941384971,7302264686711391016,这样开开心心真好，全蛋[比心][比心][比心]。,1700190993,配角,01721da1cf81f7d10d9db86391570e87.jpeg,0,广东
7302232324941384971,7302262396201435940,两个人，文案和配乐歌词有问题你注意点@万柳柳,1700190459,沉浮,1ae16942d944bd298ed9bf7fcd5aa34e.jpeg,0,北京
7302232324941384971,7302261835456938764,万铁锤要找你单挑[呲牙][呲牙][呲牙],1700190330,心★城 以 北,6cb6eefe891b03ef5cdfa7a0c1835396.jpeg,0,广东
7302232324941384971,7302258948748673844,来威海看日出啊，,1700189659,點解阿sir,e27811fa698ffbeb74b7ff7ec25dace9.jpeg,0,山东
7302232324941384971,7302256931124167459,好大一只螃海哦[泪奔][泪奔],1700189187,🌈小默🌈,f1a89d2dd42e13fb9bbf83f0f2981c1c.jpeg,0,贵州
7302232324941384971,7302254073775637263,5:54分下车的一瞬间 有没有感觉凉飕飕的 后面看见了影子[恐惧][恐惧][恐惧],1700188523,💞C💞L💞,d08a3c398b10e2ef852b2e4339a50f4e.jpeg,0,安徽
7302232324941384971,7302252296166720265,[赞][赞][赞],1700188107,66666,fcdf644588a55a50a8232365b5d86944.jpeg,0,北京
7302232324941384971,7302248998218842892,天王盖地虎，寨主一米五[捂脸][捂脸][捂脸],1700187339,小镇没有吕,138cb1a9ac24e4e1cfef7408f89d6023.jpeg,1,海南
7302232324941384971,7302248931268903707,没起来，错过了直播！ 其实应该中午去看日出的[我想静静],1700187323,用户0627031953203,2f0c1d624595a7527daa35a19cf309de.jpeg,2,河南
7302232324941384971,7302247215442838298,记得多喝热水 少碰凉水 红枣可以止血 生姜可以驱寒红糖可以一定程度止痛 一起泡水对身体恢复有一定作用 不能太劳累 不要吃生冷食物 别着凉 别和冷饮 洗澡用淋 别吃油炸食品 别吃凉寒食物,1700186926,千腿,8339a659d7d495eb87f302b94014251a.jpeg,0,北京
7302232324941384971,7302246218494116644,全蛋啊，我一直以为你是大长腿。[泣不成声],1700186693,财犇犇灬,bb19a7eed4dd4f3c8155f6f64e759b35.jpeg,0,浙江
7302232324941384971,7302243048766882598,阿猫不错这么早陪过来,1700185956,低调的小半仙,5dad759844279d6a8e7a24ff0b0808a8.jpeg,0,新疆
7302232324941384971,7302241897182036786,,1700185686,🍍,a134cbc3dc0ddb24073010d2ae775268.jpeg,0,江苏
7302232324941384971,7302236389956141862,你应该把粉刷匠也发出来，贼好看[看],1700184403,烟/栀º,02283f142b3e6a000f7adbec5c000867.jpeg,0,福建
7302232324941384971,7302235072374833954,你赶紧回去给我喝上姜糖水！这么冷！,1700184100,柠檬加金桔,6ed038d809ac0d4007e62c5314b98a87.jpeg,0,河北
7302232324941384971,7302234388090503986,那个什么…虽然很冒昧[不失礼貌的微笑],1700183938,青木柳,b64535f57fe2e7c5b2f9a104c2d02c6e.jpeg,5,辽宁
7302232324941384971,7302233705991734035,永远开心呀[一起加油][一起加油][一起加油][一起加油][一起加油][抱抱你][调皮],1700183779,哈喽哈喽啊,0ac0d45e8252d9754b5c4d1d1dc0deb3.jpeg,0,山东
7302232324941384971,7424624321870824244,螃蟹舞？横着走？,1728680099,FIUN,37fa8723283eacb678dc3109af4ab19d.jpeg,0,广东
7302232324941384971,7334676438089827107,这么看全蛋，这身高不太高,1707737439,阿杰,6b313fc38975009ff94eb00fa8ad5a19.jpeg,0,黑龙江
7302232324941384971,7314385046085157684,[玫瑰][玫瑰][玫瑰],1703013033,北北,dc2c73ffa0d6afadfaf3bee96f7b9121.jpeg,0,安徽
7302232324941384971,7306413730386936586,张君雅看起来不是很高的样子[看],1701157014,黑眼圈,2a532bf87ae23e0998bc16eed9e11f87.jpeg,0,湖南
7302232324941384971,7304952928070009654,这不是小阿花创始的螃蟹步吗[捂脸],1700816897,神厨小福贵,fde762addbc59f0e26193c76cb4e48b5.jpeg,0,陕西
7302232324941384971,7304856521337340691,[捂脸][捂脸][捂脸],1700794448,华少☠️,f070b91539b0dbf1113e2cf7056fc2b8.jpeg,0,贵州
7302232324941384971,7304463494266979099,[色][色][色],1700702945,﹌暧昧の終究無關愛情,c7f271e35b4b70aa2ca6e39e8fb8e470.jpeg,0,广东
7302232324941384971,7304261934370308891,两条腿的螃蟹🦀,1700656010,礼拜八,35b7cfb1b4769c1aa579a56dafac707f.jpeg,0,山西
7302232324941384971,7304210872166908681,谁家的小孩子丢了 [捂脸][捂脸][捂脸][捂脸],1700644123,坦然,dcc305fcdda3d07cafd49cb82293fb27.jpeg,0,湖北
7302232324941384971,7304093938326258443,这BGM配的，也是没谁了。弄的好像大房子和阿猫有什么是的[捂脸],1700616897,旭,dfecb94212f011ccaa866648bdf62eb3.jpeg,0,吉林
7302232324941384971,7304009902568031026,海岛一代悍妇，也走人机步了[泪奔],1700597366,往事随风*,88e9238137f69d7750e4e6d56a10c5bb.jpeg,0,山西
7302232324941384971,7303692661406384932,金顶日出很美的！,1700523469,星V辰,a2565683e30fc9fabc2e279c697fd5f6.jpeg,0,四川
7302232324941384971,7303508060512420648,[舔屏][舔屏][舔屏],1700480486,((＝梦醒㉨花落=)),11ec9096996549d5b4c5cd20050d7126.jpeg,0,四川
7302232324941384971,7303493784028300073,这是失传的螃蟹步吗[捂脸],1700477162,自济,afa03ae431fe3f7bd10c7e0f5c3c4037.jpeg,0,山东
7302232324941384971,7303391635017122594,希望你能活出自己的精彩 让光照亮你前行的路 也照亮你心路上的阴霾,1700453378,北京原Ren丶z,b5fd4b04008f545f186682c37534c70b.jpeg,0,北京
7302232324941384971,7303255445215806249,有那么冷吗,1700421695,娜风飘逸,c16c52f50c89ce9b7fd63fe063b036bf.jpeg,0,广东
7302232324941384971,7303223126791406336,谁教你这么爬的？,1700414159,小飞飞玩游戏,c068db882f22e65d72be79627d383003.jpeg,0,广东
7302232324941384971,7303211217904403226,这是少爷还是悍匪,1700411381,A.夏天,1a96a55f8845b00f4bff02269220599c.jpeg,0,江苏
7302232324941384971,7303200390693798694,一只迷路的小螃蟹🦀,1700408853,李十二 ˊ ᵕ ˋ 💦,5105cf17a28a93e499bcdb059b5e8428.jpeg,0,陕西
7302232324941384971,7303151856921395987,她好可爱,1700397550,麻木,c5b91a325b7daca23bfdd921d445b637.jpeg,0,湖北
7302232324941384971,7303112718398898996,@,1700388439,听歌只听周杰伦🤫,e1f559aea2342eaa1e691863e53891e1.jpeg,0,广东
7302232324941384971,7303103544563319604,阁下如何应对,1700386305,灵儿,f78342c6be014a03cb599686f25d244b.jpeg,2,湖北
7302232324941384971,7303084253544710927,爱全蛋跟铁蛋,1700381812,培祢箌铑,f40ce2854c14d449eb2e75ef54816aa1.jpeg,0,江西
7302232324941384971,7302951528909783817,Wt又近了一步[不看],1700350912,⚡️浅牲,f7c0a21385a3b04790061af7501de176.jpeg,0,江苏
7302232324941384971,7302842894866563866,你现在不是丑小鸭而是大青蛙,1700325617,天字·七号,f4336a08ac170d574f88892ce2ed5da0.jpeg,0,山东
7302232324941384971,7302834997290550043,加油加油[赞][赞][赞],1700323779,海宝爸爸,5282f6a98c31732b85a63ab75f209558.jpeg,0,北京
7302232324941384971,7302834479169061670,这是小企鹅吗[捂脸][捂脸][捂脸],1700323660,燕郊家电清洗安装维修,fce76aeb3d8a29548f614d91fb96a084.jpeg,0,浙江
7302232324941384971,7302739082516906803,螃蟹步吗？[偷笑],1700301444,中华曲库萌小猫,7e09995a62df2ddd7bd3c5700c94b8f8.jpeg,0,江苏
7302232324941384971,7302724804498260763,看了很久应该有1米5高[捂脸][捂脸][捂脸][捂脸][捂脸][捂脸][捂脸],1700298121,小表哥,3636181c869e1410b5fa3547c9336f84.jpeg,0,广西
7302232324941384971,7302711538148705074,[666][666][666],1700295031,🌈 ESNG-尘,2662a8fca2ea76908d107071d325d787.jpeg,0,湖南
7302232324941384971,7302683001287557923,有房选房，无房选呆[灵机一动],1700288388,一剑攮死你,f47548aeaeef2a7d367b2acd32583859.jpeg,0,广东
7302232324941384971,7302644900411196201,明显感觉到你越来越开心了，直播一定也会越来越好的[比心],1700279518,高冷牛蛙,61b91348d4cf2617d019ecce19c774a1.jpeg,0,重庆
7302232324941384971,7302644624186704675,[鼓掌][鼓掌][鼓掌][鼓掌][鼓掌][鼓掌][鼓掌],1700279454,影子lazy,d5afd7ae87184eb98c3f16ed65b380df.jpeg,0,山东
7302232324941384971,7302643640222941961,,1700279222,阿伟造型(凌云路店),bd38718850bb29343f33592b8109230d.jpeg,0,河南
7302232324941384971,7302625745846092578,我来剪,1700275057,19FILM,af7b6847748ca32113fee907297aec24.jpeg,0,山西
7302232324941384971,7302625274964673314,是不是摔了一跤[裂开][裂开][裂开],1700274950,愤怒的兵兵,96f854e34007e3761262989de2d84896.jpeg,0,浙江
7302232324941384971,7302594998238151460,这个螃蟹人机步可以,1700267900,独爱微笑,6fedbd611c61451c4b9c200dcb87b445.jpeg,0,浙江
7302232324941384971,7302576033197376293,海上生明月[暗中观察],1700263485,y,d757bb233f1e01c427f920d4692920f9.jpeg,0,湖北
7302232324941384971,7302551917706920758,寨主真的太可爱了[泪奔],1700257874,奉节脐橙（自家种植）,5d5872d204ff6dd2f0e6aedeaf437c04.jpeg,0,江苏
7302232324941384971,7302534189815448361,,1700253775,春夢总被ヾ尿憋醒,c35dceb3ee03311bcb72bd9e7a1f6d50.jpeg,0,重庆
7302232324941384971,7302480200889025320,君雅公主，希望你以后健健康康，快快乐乐[送心][送心][送心][送心][送心],1700241183,不晚。,d2d5eee6dea1ccec7830a29221195799.jpeg,0,广东
7302232324941384971,7302475643395687180,山东欢迎,1700240124,好名字,d27628b8c5441f85fee592d97a5db31f.jpeg,0,山东
7302232324941384971,7302475256093295411,大房子，你在干什么,1700240024,用户2854991857846,2f0c1d624595a7527daa35a19cf309de.jpeg,0,重庆
7302232324941384971,7302470200385045286,,1700238848,我爱吃兽奶,524ebb4eff3e8e5a8cd4c81b74c7564e.jpeg,0,广西
7302232324941384971,7302470140070724402,,1700238833,我爱吃兽奶,524ebb4eff3e8e5a8cd4c81b74c7564e.jpeg,0,广西
7302232324941384971,7302445617648288563,开心就好，要一直开心喔！[猪头][送心],1700233117,↗世间の过客丶,8652681f514c9d1b094b36a19366d747.jpeg,0,浙江
7302232324941384971,7302429703859913507,熬通宵看日出其实蛮累了，回去就睡了12个小时,1700229413,我家大王…她超凶,dc33cc629fdb689831416e065c94292a.jpeg,0,广东
7302232324941384971,7302427611711324939,加油君雅！,1700228925,大吉大利,e8f55ed7e0c861fc5a9b5747ec19835a.jpeg,0,山西
7302232324941384971,7302427162568459034,好小一只[暗中观察][暗中观察][暗中观察],1700228819,HELLO...,eb9140de493cad7c90f70ee75b5318fb.jpeg,0,安徽
7302232324941384971,7302423773410968354,[比心][比心][比心][比心],1700228031,₅·十月 ⛅,e382c156d7052c6cb5d4f759416dbcf9.jpeg,0,广东
7302232324941384971,7302419206816318259,寨主我爱你[看],1700226966,设计橙,49332a18b772a6fbe8c935cca860c217.jpeg,0,广东
7302232324941384971,7302417573021516544,主播千千万，独宠张全蛋,1700226587,重庆曹先生,8bf762a9bfb75db4813ce94ead3f2502.jpeg,0,陕西
7302232324941384971,7302413863097090831,全蛋螃蟹舞,1700225723,异客Yang,e44d7cd754e7ff8a5731ea0659d9341a.jpeg,0,浙江
7302232324941384971,7302413425366631195,[看]是在跳天鹅舞[泪奔]还是转圈圈的华尔兹啊[捂脸][捂脸][捂脸][捂脸],1700225620,裂渊,b8518a0c19d66e82ef319dee490c54de.jpeg,0,陕西
7302232324941384971,7302413374933975843,姐姐你啥时候正常播啊[流泪],1700225609,绿色皮,d5b64426c301565c6664ab223077c2eb.jpeg,1,广东
7302232324941384971,7302412020720370482,流清河么,1700225295,橘子味红烧肉,efc0a471c51ad29e325ad91fba6443cd.jpeg,0,山东
7302232324941384971,7302407294176248639,[赞][赞][赞],1700224195,晨曦,d2c107672c7f009291d60de0dea2b29a.jpeg,0,广东
7302232324941384971,7302406887524664105,一米五？,1700224098,宥妳眞緈鍢,b3cc1527d3870d1bf7c654976e7c777f.jpeg,0,广东
7302232324941384971,7302405517909345065,153,1700223781,蜂鸟 จุ๊บ🌈,75bdcb85477c8b19829820f4fa1cbfcc.jpeg,0,江苏
7302232324941384971,7302404697654543154,天王盖地虎，提莫一米五,1700223589,何以为枭🦅,0a2175a05e771884f0bf50224ae643cc.jpeg,1,广东
7302232324941384971,7302403561408693055,几时和圆圆面基[看][看]去她家住[看],1700223325,雨ʚ🐷⁷¹³ɞ,59a34f452641bb26ee705e194bc79056.jpeg,0,马来西亚
7302232324941384971,7302403458186167052,什么时候去峨眉山看日出吧[还得是我],1700223300,￥_blue﹋,ec4291ab1d89a583abe693b1379ef32c.jpeg,0,四川
7302232324941384971,7302396252159230754,她跟狗蛋还是挺反差的！感觉狗蛋矮小矮小的！大房子高！但是这么看来！狗蛋可能比大房子大一圈！,1700221624,空缘,c3fc8803d85d9d28530cd47ae42878c2.jpeg,0,河南
7302232324941384971,7302393907239846697,昨天晚上看见寨主发视频说要看日出，我就想着熬夜早上陪着看，结果在3点多睡着了。做了个梦:梦里和寨主在月球基地打架，结果我苟起来了，寨主打完丢下我走了。我一惊醒一看手机时间6点，立马上抖音看见寨主刚刚下车走上桥。还好没有错过陪着寨主全程看日出[耶][耶][耶],1700221076,蛋_蛋,3ede53f689442dcef1830670167c7393.jpeg,0,江西
7302232324941384971,7302393860470113024,张萝莉的螃蟹步[捂脸][捂脸],1700221066,H'coffee,76d4a2c3edf22689b86d9b56c0d36447.jpeg,0,广东
7302232324941384971,7302393728588956479,这小短腿可真可爱,1700221037,谢集6号,66cd24fbe7820d77b768819d14f8500c.jpeg,0,河南
7302232324941384971,7302393675240293132,全蛋一米五[大笑][大笑],1700221022,𝑴𝒖𝒔𝒉𝒊𝑳𝒊.✨,9af19fb908c97ba622a25154db76142e.jpeg,0,湖南
7302232324941384971,7302393425628857103,不务正业，赶紧直播，害的灯牌都掉了,1700220964,中国人,2f0c1d624595a7527daa35a19cf309de.jpeg,0,安徽
7302232324941384971,7302392216776999730,玩一天就回去了吗[呲牙][呲牙][呲牙],1700220684,缘份天空,c2797b257371a73afcdca18591f41995.jpeg,0,广东
7302232324941384971,7302388087488430875,感觉145左右身高[捂脸][捂脸][捂脸],1700219722,紫不语Y,711052bae869517f97b061e611441108.jpeg,0,江西
7302232324941384971,7302387224263590708,张大房有1.5m吗[呲牙],1700219522,车轮丈量世界,edd204f821a73c43b3e501ed54f5ec02.jpeg,1,浙江
7302232324941384971,7302380047608070922,好美的夕阳[看],1700217851,ěmǒの嗯哼调,b80c330a70fbb5136e5c2147bb8c19d0.jpeg,0,江苏
7302232324941384971,7302378272951649043,目测1米五,1700217438,凄凉的龟佬,6593757990705da0d36666b00580c5da.jpeg,0,广东
7302232324941384971,7302374893365363468,马屁雅[捂脸],1700216650,兵临城下,7da52953fed0f29242ffaef3bfc10556.jpeg,0,陕西
7302232324941384971,7302373669014684455,,1700216366,er鹅肠,84e9337528f97a66166fe3a76df32835.jpeg,0,广东
7302232324941384971,7302371846984041251,回去了吗寨主[奸笑],1700215942,用户1689017851486,2f0c1d624595a7527daa35a19cf309de.jpeg,0,河南
7302232324941384971,7302367567812576019,[玫瑰][玫瑰][玫瑰],1700214946,用户7564036552355,2f0c1d624595a7527daa35a19cf309de.jpeg,0,山东
7302232324941384971,7302364456042136360,来我们大三亚看海了，不用穿这么多短裤的。,1700214222,三亚华仔,921d346b0f3feea1756da864b6c8ed78.jpeg,0,海南
7302232324941384971,7302363220978582306,你这也太小卡拉米了,1700213934,扶老太太闯红灯,cb93355e168662850a6acbb94bea0b85.jpeg,0,山东
7302232324941384971,7302361832404550426,小萝莉烧火棍玩得挺6啊[捂脸][捂脸],1700213611,信仰ℒℴѵℯ,c8d49a1d1aaa0dce3f4822958702f052.jpeg,0,广东
7302232324941384971,7302360626054824719,我以为谁家小孩呢[捂脸][捂脸][捂脸],1700213330,用户5889041400261,2f0c1d624595a7527daa35a19cf309de.jpeg,0,江苏
7302232324941384971,7302357745456792320,第一次和张老板看日出的男人居然是猫桑[捂脸],1700212658,寒冰,997fc3708c57500639d78215b6144edd.jpeg,0,江苏
7302232324941384971,7302356749507101475,君雅有160,1700212427,点点迷,5a0ed3be6fe691f070ee46903ffd86b0.jpeg,0,山东
7302232324941384971,7302355543510090507,今天全蛋很开心呀，希望以后天天开心[爱心],1700212144,圆房是个宝,66470e083b1b5741c05ef7d59f864fa4.jpeg,0,浙江
7302232324941384971,7302354953061565193,[玫瑰],1700212009,过客,705a247f34dacf5d61ea2469278bee7c.jpeg,0,贵州
7302232324941384971,7302351290771079988,多玩几天，大家不急。,1700211156,75455757575767679978,7ba7285f5edea5bfc755ed80fe6e2873.jpeg,0,浙江
7302232324941384971,7302350185727755045,海岛🏝️让人闻风丧胆的悍妇，其实也是个“小可爱”[不失礼貌的微笑],1700210899,劉烊⁵¹⁰⁷⁴“好运连连”,463e0040f160d78bcbc8b23d4ffac79e.jpeg,0,辽宁
7302232324941384971,7302345001411871538,主打就是陪伴。。起早了困了。。,1700209690,Lucky豆宝,1c0172562bc0eb0b2afbaf2a700fa441.jpeg,0,河南
7302232324941384971,7302343141109449481,小卡拉咪 愿这太阳一直温暖你 谢谢你带我们大家看了一场精彩的日出[抱抱你][抱抱你],1700209260,三宅一生⁵¹⁰⁷⁴,3f4ffcfe9874354bd81d95abc062ebc6.jpeg,0,西班牙
7302232324941384971,7302327246159774479,[比心]  [比心]  [比心],1700209238,輕·慾,c623f2749dc79d5d14553ab7c6dc1d61.jpeg,0,江苏
7302232324941384971,7302341344541803301,青岛现在好冷的[绿帽子],1700208842,06,08889b78070716b0ac0dae690760736e.jpeg,0,山东
7302232324941384971,7302341337352569636,[色],1700208839,荒🌊,71fd80d1be898a36d325f9ad16ad6e51.jpeg,0,吉林
7302232324941384971,7302340904210154266,我怎么看到一只穿了衣服的螃蟹[捂脸][捂脸],1700208736,Me、陈先森,08917e9eb8e2d927ce6efebde65095c0.jpeg,0,上海
7302232324941384971,7302338051128296244,[巧克力][巧克力][巧克力][巧克力],1700208076,💫凝✨霜✨月💫,d9ab76bbd43774d443e22c240483834e.jpeg,0,山东
7302232324941384971,7302332967590150927,风是真的大,1700206893,用户9327542181886,2f0c1d624595a7527daa35a19cf309de.jpeg,0,广东
7302232324941384971,7302331923471598348,@阿猫c [鞠躬][鞠躬][鞠躬],1700206647,😤,8b4af99608ab9a9119c70c68b6663b52.jpeg,0,广西
7302232324941384971,7302330825093153590,一米四？,1700206392,叶渡,ad7a1978c2e5148fd09b16f0276a4315.jpeg,0,广东
7302232324941384971,7302329878770025255,这把猫桑冷的[捂脸][捂脸],1700206171,愚智,23619a29fb59378041fed22bdafffb60.jpeg,0,广东
7302232324941384971,7302325580330156809,晚上来个清蒸[呲牙],1700205171,A清风A,e23e78ae18384187087b9a51e2863ed3.jpeg,0,山东
7302232324941384971,7302323345298146098,真是个小可爱！[大笑],1700204649,滚烫的大米饭,ed07b356a2bd369bc2370df97764d607.jpeg,0,广西
7302232324941384971,7302321901615334183,谢谢寨主让我们看海边日出[小鼓掌][小鼓掌],1700204316,柠檬心、薄荷情〆,fb2d12ef3d55c720ad8f3a0a1456c596.jpeg,0,四川
7302232324941384971,7302321530809451298,憨憨的螃蟹舞步，可可爱爱！[比心]要一直这么开心哟！[抱抱你],1700204231,認生若如初見,c8b0cdc9eacbdf6dfc089e0c4410d662.jpeg,0,广东
7302232324941384971,7302319774803968787,目测一米五，谁家的小朋友走丢了[捂脸],1700203818,慕尘,f13e443617a3c3199a7c3970c36e705a.jpeg,0,广东
7302232324941384971,7302319586689549067,也是一起看日出了,1700203774,彩票中500万,6ae359bfb644dafd9b36d17f9e515e43.jpeg,0,福建
7302232324941384971,7302318245272290063,网络上凶残的悍妇现实中却是小小一只[笑哭],1700203464,戴文斌,7582530a8b079571facb089933f14d7b.jpeg,0,广东
7302232324941384971,7302312833400128292,很美的日出，只是阿猫突然出镜，让背景乐立刻诡异了[捂脸],1700202206,小米一碗,eb1a5b03f4bbe13453dea0603bfcafcb.jpeg,0,上海
7302232324941384971,7302310790836060964,螃海,1700201727,蔡,bf2c355548fd04f4a76b1380b591b4dc.jpeg,0,四川
7302232324941384971,7302310618558808886,1米三[熊吉],1700201686,Zj,db0e8b0709e9be44f64f975233849be9.jpeg,0,广东
7302232324941384971,7302309400600756992,全蛋，我想要你这双鞋的链接,1700201403,JY,ba107a91290a3d03337177f41d60bd1d.jpeg,0,江西
7302232324941384971,7302307855196357426,贝贝：都是小卡拉米[呆无辜][呆无辜][呆无辜],1700201042,Yuyuyu,663d6cba8e6f584b4af97a4e53b442ab.jpeg,0,河南
7302232324941384971,7302306699753538315,快，快去捉大房,1700200774,时光荏,4d5155aa8010856afe22ebd6a31e7ecb.jpeg,0,广东
7302232324941384971,7302305936898835252,螃蟹雅[不失礼貌的微笑],1700200599,不似李,68b8248bd2a445c52d194d599156c3b8.jpeg,0,四川
7302232324941384971,7302301440721994505,猫桑  你抢镜头了,1700199551,干碗油炒饭～,339bdac3e3d11c11e60afc818157830f.jpeg,0,云南
7302232324941384971,7302300899577316108,真是现眼包,1700199425,用户1681598817616,420da6e411dd4f7c6f89de5f6885e133.jpeg,0,湖南
7302232324941384971,7302298936302994188,早晨的阳光正舒适，有一只螃蟹🦀在海边走来走去，它很快乐[不失礼貌的微笑],1700198967,晚风ᥫᩣ.𝓛𝓾𝓬𝓴𝔂,6deeaf20b03cbff74da885b8efa7df09.jpeg,0,广东
7302232324941384971,7302298697156002595,这才是真正的小卡拉米[捂脸],1700198911,CR7,b611265f08b2b1fce29e53d45dd0a4b7.jpeg,0,河北
7302232324941384971,7302297608835777295,螃蟹🦀步,1700198661,🇨🇳鹏仔🀄️,4d7d60e7ce5e8e5bfd34cc5b4f98a801.jpeg,0,广东
7302232324941384971,7302296617255928576,大房子第二次看大海[呲牙],1700198428,逆水寒的江湖记,043f04c48f5024a5561cc69a6b5680ad.jpeg,0,湖北
7302232324941384971,7302296409984877327,才副总站起来了，25杀，最后一个人没打死，被别人骂了[捂脸],1700198377,逆水寒的江湖记,043f04c48f5024a5561cc69a6b5680ad.jpeg,0,湖北
7302232324941384971,7302294583274603279,实话说，不管在哪里，真真去看了一会日出的有几位？？？[捂脸][捂脸][捂脸],1700197955,郑・逍遥,ff9d2832f216b5dcff980bb3151be670.jpeg,0,甘肃
7302232324941384971,7302293443656319795,迎接朝阳,1700197687,天丶空,09e57760b10d4e3270fb37ea7d5cef8e.jpeg,0,河南
7302232324941384971,7302293206140879657,这是那个显眼包呀[呲牙][呲牙][呲牙][大笑][大笑],1700197631,搁浅z,c34ad4442de14976f0504da4b48391d7.jpeg,0,四川
7302232324941384971,7302291805742285605,好小一只[捂脸][捂脸],1700197305,胖哥,9708b34d0d75c687255b76cf065a2bd8.jpeg,0,湖北
7302232324941384971,7302291594371679030,你好，小小只[灵机一动][灵机一动][灵机一动][灵机一动],1700197258,No.3,2a6382105ead8c3628c7733d20a36dbf.jpeg,0,浙江
7302232324941384971,7302291352388371209,[呲牙][呲牙][呲牙],1700197199,梦，,caf5cb0e5cca4e058cc54481679cd9a4.jpeg,0,云南
7302232324941384971,7302290187102651147,,1700196930,Dream归零,948d7a14f57234d9afd3e468fdff7e0f.jpeg,0,云南
7302232324941384971,7302290097889411891,显眼包,1700196908,梧桐.,a45baf3500dba65439016066c9542770.jpeg,0,贵州
7302232324941384971,7302288979440780072,,1700196649,锦 安,cd478c7c9cfd0eff5afc7c4189100fbf.jpeg,0,四川
7302232324941384971,7302288167096484627,我粉了个憨憨,1700196459,執念～釋懷,d9a9077ed0b3c052f592dceaaf3fa951.jpeg,0,广东
7302232324941384971,7302287965693510436,大家好！这是搞笑女，有时还挺搞怪[灵机一动],1700196411,忘,6e4653e2d50b3583e2d9eb4d374aeab6.jpeg,0,广东
7302232324941384971,7302287216930603810,看的出来，玩的很开心,1700196237,陌影,1fb0e731bde56b48aa6e4ad2a66e1c2e.jpeg,0,内蒙古
7302232324941384971,7302285842282087202,1.5,1700195919,L,5914a6799af0d11db6a66eda0631b6d0.jpeg,0,广东
7302232324941384971,7302285084693086988,寨主变憨憨,1700195739,♠️K,2f0c1d624595a7527daa35a19cf309de.jpeg,0,广东
7302232324941384971,7302283804499886886,舞伴呢？没人吗，可以叫我呀[酷拽],1700195442,🌈🌈🌈,11b14dc8d543ffd6cc972612e086a19b.jpeg,0,广西
7302232324941384971,7302283680930874152,日出不错，舞蹈不谈，全蛋很憨,1700195414,離蓦,979aa25510225498c894df7050b9b9e9.jpeg,0,江苏
7302232324941384971,7302283618562786099,张企鹅[捂脸],1700195401,情感✨music,583750cad0a00cd2500647041d14dad5.jpeg,0,云南
7302232324941384971,7302283377511924480,[玫瑰][玫瑰][玫瑰],1700195345,yanj权,1ddb3dd7898539c13ed57483df37d10b.jpeg,0,广东
7302232324941384971,7302281933266240308,优雅的探戈舞[二哈],1700195008,你终究还是来了,c9d6c8f16d41939d2a5809cfde2448c8.jpeg,0,广东
7302232324941384971,7302281723160478498,玩的开心[比心]好好放松,1700194959,生活不苦乐享其事,b6f9c45c0280c1c77656100c2124b557.jpeg,0,广东
7302232324941384971,7302281328052208422,真的是全蛋🥚🥚🥚 实锤[捂脸][捂脸][捂脸]被你熬秃了要，一夜没睡，你看日出路上眯会，我们在给誉儿打人气票[捂脸][捂脸],1700194866,不吱声的小朋友🤫,8ceb32b04e0c04b6236330dacef58bba.jpeg,0,江苏
7302232324941384971,7302281025957921570,早上5点起来刚好全程陪伴[比心][比心],1700194796,神秘人•龍,a5d0fb8c6b9ef0844c4e94218d65108d.jpeg,0,四川
7302232324941384971,7302280876371903270,小小只，螃蟹舞很可爱[爱心],1700194760,宬澜.,a2220027101be846815f701023a77e73.jpeg,0,广东
7302232324941384971,7302279063866639156,寨主[捂脸][捂脸][捂脸],1700194340,皇太子殿下♥♥⁸⁰⁰⁸,842e010b84b6db171466c5e002a7928d.jpeg,0,海南
7302232324941384971,7302277414624658210,这谁家小孩,1700193957,阿森,b53d08c352956ea22a1d314f8fd44e28.jpeg,0,北京
7302232324941384971,7302277169160504076,看到寨主开开心心的玩真好[送心][送心],1700193897,砚秋🪐,d4514780b2f0aa46c2d14cb2db6109a8.jpeg,0,湖北
7302232324941384971,7302277119131337483,哇，真美啊。债主真可爱。[呲牙],1700193886,🌼素素猪猪的前男友☀️,1de2b814389a09b93f3935c1a69112c9.jpeg,0,重庆
7302232324941384971,7302276625218405131,哈哈哈，螃蟹步[耶][耶],1700193771,💹🍄🦆,d9f81cfdcc21cbbf3f2eacfabeb4bc2f.jpeg,0,黑龙江
7302232324941384971,7302275997981557516,这两天好好放松。心情舒畅的一批[尬笑][尬笑][尬笑],1700193626,Nada,52baae3513fcf779d7ee4bb00f20f33e.jpeg,0,广东
7302232324941384971,7302275756398641920,心情好些了吧,1700193571,时  。,329c88963beebf90e821cbce149851e9.jpeg,0,江苏
7302232324941384971,7302275697836344101,又来偷海螺[尬笑],1700193554,✨海⁶⁶⁶,ba3b030b1e900f102b99cc068f5a3433.jpeg,0,广东
7302232324941384971,7302275489669088039,爱了爱了[看],1700193507,北枫,098988525fb69c57a6f68b1db81abeee.jpeg,0,广西
7302232324941384971,7302275478815294246,,1700193506,黑色玫瑰丶萍萍,2f16892aa95d831851a1d366ccdad63d.jpeg,0,上海
7302232324941384971,7302275089848369971,好大一只螃蟹,1700193415,一介凡人,d713c02727152ea69501ded4666a54bd.jpeg,0,四川
7302232324941384971,7302274747365278491,好可爱[害羞][害羞][害羞][害羞]太可爱了叭,1700193333,@窈.,cc6220f59b8af4b0c6a23e8c78b982af.jpeg,0,四川
7302232324941384971,7302274310163497738,好大只螃蟹[比心][比心],1700193231,义,4da54a8018ba55f4c5a767b35e70bb66.jpeg,0,广东
7302232324941384971,7302273528517395240,螃蟹舞吗[笑哭],1700193050,随缘哥,095a71e1fe450fbe3addfc2425591134.jpeg,0,广东
7302232324941384971,7302273021975675698,好小一只,1700192932,老公我想吃-轮回,470fc4dcd2273cd7c0d1d3bac4d7e052.jpeg,0,湖南
7302232324941384971,7302272893201810191,太小只了！完全不能跟悍妇这个词联系上[捂脸][捂脸],1700192902,鸱吻,d309006bf13153a7851c6b7477ac07f5.jpeg,0,四川
7302232324941384971,7302272733228335907,把阿猫冻成腊八狗了[灵机一动],1700192868,天南海北,318776f68cfa1d9059cc75771454cc81.jpeg,0,河北
7302232324941384971,7302272486431261492,小可爱 要天天开心哦[比心][比心][比心],1700192812,用户4325835545908,2f0c1d624595a7527daa35a19cf309de.jpeg,0,黑龙江
7302232324941384971,7302271546659750697,超美,1700192592,大圣脚下那朵云,c7e70ee09aa1089c3720031cdd16d8a6.jpeg,0,黑龙江
7302232324941384971,7302271507487654693,寨主真可爱,1700192579,龍熙,4720a36a0ba1559c1d9d4bbb51b4cefd.jpeg,0,四川
7302232324941384971,7302271259386643212,,1700192522,___人亦惜歌,6269c28624805605d95875d1acf9aeec.jpeg,0,山东
7302232324941384971,7302270975729566501,好小一只,1700192455,wlh,7cb56de8f4c3ec096b6a94b14b693820.jpeg,0,广东
7302232324941384971,7302270443837375269,[赞][赞][赞],1700192332,北·辞,296326df53db0fb33c23ffb9695b9334.jpeg,0,广东
7302232324941384971,7302270235338818345,这才是真正的海上日出[呲牙],1700192284,🌈南风知我意,857ecf11cd195bfa4ea133f83b78f75b.jpeg,0,山东
7302232324941384971,7302269664729973519,看这个显眼包[看],1700192154,金的咖啡豆,782a411c5db8e5fa547a3e09fdbbfde3.jpeg,0,浙江
7302232324941384971,7302269567991989002,看见你开心的样子[太阳]冬天也不冷了[太阳]要永远开心快乐下去,1700192129,拜君仙⁹⁰⁹²⁷,5ad5c3425562c4504c31663066d0145f.jpeg,0,四川
7302232324941384971,7302269516612010762,这是谁？大家该叫她什么了[发呆][呲牙][酷拽],1700192117,👻🇨🇳 曜宸🐉凌天🇨🇳☠️,ebdb68c964feb544876b61b7a7561583.jpeg,4,河北
7302232324941384971,7302269486999061275,这是企鹅，不是天鹅[捂脸][捂脸][捂脸],1700192108,钱途无亮,219c81efe96ea11fde8d4d5d7390aa70.jpeg,0,山东
7302232324941384971,7302269145901663013,快来！叫……[呲牙],1700192029,👻🇨🇳 曜宸🐉凌天🇨🇳☠️,ebdb68c964feb544876b61b7a7561583.jpeg,1,河北
7302232324941384971,7302268343528080179,,1700191844,👻🇨🇳 曜宸🐉凌天🇨🇳☠️,ebdb68c964feb544876b61b7a7561583.jpeg,0,河北
7302232324941384971,7302268308895662858,,1700191836,👻🇨🇳 曜宸🐉凌天🇨🇳☠️,ebdb68c964feb544876b61b7a7561583.jpeg,0,河北
7302232324941384971,7302268279379985190,,1700191828,👻🇨🇳 曜宸🐉凌天🇨🇳☠️,ebdb68c964feb544876b61b7a7561583.jpeg,0,河北
7302232324941384971,7302266692448731939,全蛋你的大长腿呢,1700191461,用户2016714552993,2f0c1d624595a7527daa35a19cf309de.jpeg,0,浙江
7302232324941384971,7302266469001757480,我发现你是一个搞笑女,1700191410,戏剧演绎人生,efba252ca35db5e8c210e969d5c4dead.jpeg,0,广东
7302232324941384971,7302266043983741707,我以为是小朋友，怎么破！,1700191309,Jun暮,73bccbd3c42a7ea2607843cc9545f1e3.jpeg,0,贵州
7302232324941384971,7302265719940334388,还有粉刷匠舞蹈视频[偷笑][偷笑][偷笑],1700191234,小胡涂🥴,2d1e6332b364b6118d3b6166da9f7298.jpeg,0,辽宁
7302232324941384971,7302264553634693940,我也来[偷笑],1700190963,小胡涂🥴,2d1e6332b364b6118d3b6166da9f7298.jpeg,0,辽宁
7302232324941384971,7302264472219288354,九C没去嘛。,1700190944,配角,01721da1cf81f7d10d9db86391570e87.jpeg,0,广东
7302232324941384971,7302263632165880639,显眼包,1700190745,茜茜的九月❤️❤️❤️,50186fffbf3a5c8f4adf43a35a18103b.jpeg,0,广东
7302232324941384971,7302263449588466484,大房一米5[吐舌][吐舌][吐舌],1700190705,终是红尘不归客,bb67d753c550f784622ccec8dc2c12b4.jpeg,0,江苏
7302232324941384971,7302263082394780455,螃蟹步,1700190620,流浪江湖→勇,0874d37ec5f5f7efb550c87cb884b5ee.jpeg,0,安徽
7302232324941384971,7302263069023044403,天天开心,1700190616,荔枝小丸,13cc6b78a346fd41ce37af0cb1126c83.jpeg,0,甘肃
7302232324941384971,7302262992719266610,[赞][赞][赞],1700190597,用户9371757120569,2f0c1d624595a7527daa35a19cf309de.jpeg,0,海南
7302232324941384971,7302262983697842970,[泣不成声][泣不成声][泣不成声],1700190596,用户9371757120569,2f0c1d624595a7527daa35a19cf309de.jpeg,0,海南
7302232324941384971,7302262395610465074,1，50米的个子,1700190459,时光不,10e591047b15b8867f3af5e04129e2e7.jpeg,0,江苏
7302232324941384971,7302262161446748937,这么可爱的全蛋谁能不爱啊[比心][比心][比心],1700190405,@☞Honey Buddy,d6afb0017267695dc537ab9c0957717a.jpeg,0,重庆
7302232324941384971,7302262078214488859,爱播真欢乐,1700190385,creammm,06f64a56411f836ef7726074bd1915fd.jpeg,0,江苏
7302232324941384971,7302261970945442560,张全蛋，根号二,1700190360,资深米虫,ef912e530c7e0706f1b2a903afc1920f.jpeg,0,湖南
7302232324941384971,7302261952373474057,可可爱爱的寨主[色][色][色],1700190356,清然⁵¹⁰⁷⁴,e0bfbad255972698ecf35b0f337aec4d.jpeg,0,广东
7302232324941384971,7302261606258803465,显眼包就是显眼包,1700190275,有点胖,ae46784863a14dc651d794130f282a0c.jpeg,0,上海
7302232324941384971,7302261544792081189,这是螃蟹舞吗,1700190262,唯一一,be70414943eed93a7c3795ab51cd0657.jpeg,0,四川
7302232324941384971,7302261311332598582,这个男的是男朋友吗[捂脸],1700190208,静静搞钱　　　　　　　╲,a7f203b750d6a3ab96bda4b831400868.jpeg,4,四川
7302232324941384971,7302260605476438838,张全蛋，1.5的身高[看][看],1700190041,我是你胜哥,4efbc1b772bc309ba704c22ef886bc8d.jpeg,0,广东
7302232324941384971,7302260486350914356,憨包[捂脸][捂脸][捂脸],1700190016,寻梦者,c55d1e2344609ba515b7267aaf4beb04.jpeg,0,广东
7302232324941384971,7302259812167140131,有没有一米二[呲牙][呲牙][呲牙],1700189860,往后余生  Love,2f0c1d624595a7527daa35a19cf309de.jpeg,0,江苏
7302232324941384971,7302259578154107675,平安喜乐,1700189804,😀all in,a3551862d67a823d13dec20d0004f0f7.jpeg,0,湖南
7302232324941384971,7302259221651276585,以后也要天天开心[比心]有时间约姐妹一起去玩[抱抱你][抱抱你],1700189723,雨ʚ🐷⁷¹³ɞ,59a34f452641bb26ee705e194bc79056.jpeg,0,马来西亚
7302232324941384971,7302259100824896267,熬夜等着，看了直播，不错不错，就很奈斯[呲牙],1700189692,邋遢小艺术家,0353977e0dfd502cfccfd189006d683b.jpeg,0,四川
7302232324941384971,7302258610158289715,啊啊 这海上日出太美了[色],1700189577,哈嘍⁵¹⁰⁷⁴,ce03fb48f2c404d6a7b333a6896f16fd.jpeg,1,IP未知
7302232324941384971,7302256676014162722,天天开心呦,1700189128,黑鹰,b8491a26ae0d4d30be3d34ab1db68ae8.jpeg,0,河南
7302232324941384971,7302256568954045218,超不过一米五[捂脸][捂脸][捂脸],1700189102,不按份的小情绪,f6d9bca1856a4a731c035669eeaff55b.jpeg,0,江西
7302232324941384971,7302256436616266506,螃蟹横着走[灵机一动],1700189073,风度翩翩王公子,be2253bb81b4ffaf93c8da39fe7d51d9.jpeg,0,陕西
7302232324941384971,7302256282047349544,一帮孩子真快乐,1700189036,呼伦贝尔_彪哥,9ba45f14aa590b61bdcfb119fcd916d2.jpeg,0,黑龙江
7302232324941384971,7302255460403495706,小卡拉咪一个[捂脸][捂脸],1700188843,扬帆起桁,0b91af273a9cd189a79fb8ec677886c6.jpeg,0,福建
7302232324941384971,7302255403932189477,这样子真的很好，玩的开心快乐！,1700188831,独殇,c5398fa1c781ccd8df263f64b46a744e.jpeg,0,福建
7302232324941384971,7302255274295264052,[比心][比心][比心],1700188803,小海,782ab8bfaa3985a029b3aa707cfc241e.jpeg,0,江西
7302232324941384971,7302254971868742450,错过了[酷拽],1700188731,举头三尺有神明,b6d356216c8bc8a66f1f71a124412554.jpeg,0,江苏
7302232324941384971,7302253511398982427,爱你,1700188390,用户8860927714072,2f0c1d624595a7527daa35a19cf309de.jpeg,0,河南
7302232324941384971,7302253159295943463,可爱[色],1700188310,o>_<o☞*麦人参的普通人,fd74120e3efa617bfa781b377257d840.jpeg,0,吉林
7302232324941384971,7302252387343221530,朝阳相伴，好看,1700188131,财财,7b3ffadaf52b081c9456620e48296759.jpeg,0,山东
7302232324941384971,7302252063739413259,又是喜欢你的一天，爱也更多了一点！[送心][送心][送心],1700188054,壹柯鱼丸🌟,143d301925cfc88079f5afa46579de17.jpeg,0,浙江
7302232324941384971,7302251275650843442,这是个什么玩意[泪奔][泪奔][泪奔],1700187871,〖扯闲蛋〗,269834202c71ecc7de9cb58d0ad120ed.jpeg,0,吉林
7302232324941384971,7302250959680668454,[捂脸][捂脸][捂脸],1700187795,勿动,59de8308daedd8341ae7d2af5c834899.jpeg,0,四川
7302232324941384971,7302250042772767497,,1700187583,一只小老虎⁵¹⁰⁷⁴🐯,af8352c6f23a4de7a91e204f832736f0.jpeg,0,IP未知
7302232324941384971,7302249861213504266,[比心][比心][比心][比心],1700187541,瓜娃子,a709090aa3f60476bb048ef7582a0c63.jpeg,0,安徽
7302232324941384971,7302249218315141923,这是螃蟹舞嘛[泣不成声],1700187392,我会的花样多,4d809d17bc2b5cc53a623a5a4668d795.jpeg,0,广东
7302232324941384971,7302249153715258124,全能的全蛋,1700187378,欠ル,ea676417796921c9d663806438752163.jpeg,0,吉林
7302232324941384971,7302247926117909274,谁敢心这是海岛悍妇,1700187091,{千城墨白},7d01c6f03a14995f15e4f5572943ffcb.jpeg,0,青海
7302232324941384971,7302247677420929819,这个显眼包是谁？不太聪明的样子,1700187034,李乐,bdfc5d52fa0e7957f2b3a992a86137ee.jpeg,0,广东
7302232324941384971,7302247472804954892,这看着有1米吗[捂脸],1700186985,安峰,3d72d7eb0bb104907dda5f18413466c4.jpeg,0,辽宁
7302232324941384971,7302247355180188425,这就是传说中的螃蟹步吗[捂脸][捂脸],1700186958,An止于心,009d374dc5b3b43df1a1c95c9a307dbd.jpeg,0,广东
7302232324941384971,7302247281079337768,,1700186941,老黄瓜不摇碧莲,47154e2c17bac5fc18788ecb428f2cfd.jpeg,0,湖北
7302232324941384971,7302247077827642138,好看[爱心][爱心],1700186893,發發,9fb54cb8377987e85980a6da0ac7cee3.jpeg,0,四川
7302232324941384971,7302246727808992040,那啥那啥欢乐多,1700186814,安,1e2296e1159b48342329ace04d8b75de.jpeg,0,内蒙古
7302232324941384971,7302246662851167012,真实了[捂脸],1700186797,安峰,3d72d7eb0bb104907dda5f18413466c4.jpeg,0,辽宁
7302232324941384971,7302246334319756068,这螃蟹步非常到位,1700186720,☞零度☜,14a5be600db0829b2b203b3254f6c58e.jpeg,0,广东
7302232324941384971,7302245882362692352,没有擦玻璃，差评…,1700186614,讓愛隨風,c78bd7e452fb49ee3cc09046cd934c2f.jpeg,0,广东
7302232324941384971,7302245780583793471,企鹅张,1700186592,吉米,1cad680e50392223c56ce733686f6e9d.jpeg,0,江苏
7302232324941384971,7302245782332212004,大房做啥都可爱,1700186591,㣵,e082cdff63a6d1e18697962d6e08012c.jpeg,0,四川
7302232324941384971,7302245485396837130,摄影师差评 把全蛋拍矮了,1700186521,风啸歌,4c2bdd2b6a89eed6af8c4e837de18130.jpeg,0,上海
7302232324941384971,7302244911536243492,这两天大风你成功没避开[大笑][大笑][大笑],1700186388,🇨🇳木子³²,d6fbfe3083c4733fda7c8338c5ceaad7.jpeg,2,山东
7302232324941384971,7302244553078899483,猫都吹炸毛了[捂脸][捂脸][捂脸],1700186305,铛哥,7a2d7565c22d4669568ebeddd9564d1e.jpeg,0,贵州
7302232324941384971,7302244238849573670,可爱一只[抱抱你],1700186232,一瞥刀🚣🏻‍♀️ᨶ႒ᩚ⁵¹⁰⁷⁴,9aad0720f7ec33cdd624589f14adece5.jpeg,0,江苏
7302232324941384971,7302244192897762098,显眼包你要天天这么开心哦🥳,1700186223,兰路虎🐯,826b566586ab0d1f61cdb8131617b260.jpeg,0,广东
7302232324941384971,7302244076085674771,把张全蛋拍得这么矮，[尬笑],1700186195,墨然,79be0b972c501c58bfbcc204dc30b398.jpeg,0,浙江
7302232324941384971,7302242948875698995,让老贼闭嘴，小老虎挺好的[笑哭],1700185933,無雙,98e422fa76f8468e9d2e7f2a750354d6.jpeg,0,上海
7302232324941384971,7302242951936443172,哪里来的大螃蟹[泪奔],1700185931,AAA伤果儿,945d384e8d12620da4a795c3085eb4a2.jpeg,0,湖北
7302232324941384971,7302242268063548223,[玫瑰][玫瑰][玫瑰],1700185772,松手～,d6a1835394bac51ea71b7a418973c028.jpeg,0,四川
7302232324941384971,7302242231862510345,[赞][赞][赞],1700185764,66,61cab440bfe84dddab7927199e54ee3a.jpeg,0,IP未知
7302232324941384971,7302242211448947492,[比心][比心][比心],1700185759,～（有人挡灾版）,a139f07139060b53df0bf2aa2e8a8df3.jpeg,0,河南
7302232324941384971,7302242196093436713,[赞][赞][赞],1700185756,过∽~客,0e2f7448c2e1958a7d1063d9dcd0d776.jpeg,0,四川
7302232324941384971,7302242154445112114,睡过头了,1700185749,天意如此,124bd58c9e3bc3d7de9831929db9e243.jpeg,0,重庆
7302232324941384971,7302242022600082186,显眼包,1700185715,人在旅途．Andy,5187666aafd6d31c6ca3fee7656ba88a.jpeg,0,广东
7302232324941384971,7302241957438456576,是螃蟹变异了  还是君雅变异了[捂脸][捂脸][捂脸],1700185703,难 訁,dd2b433c2d46d808198371d527662ed2.jpeg,0,上海
7302232324941384971,7302241710242267939,[送心][送心],1700185644,Ash…,ca7e4daf7eca01aef581601dc289f7ae.jpeg,0,上海
7302232324941384971,7302241552368993087,在现场，又让我们认识了你放飞自我的一面，可爱,1700185608,星·野,50b93bc676603909757b9befa191f0a0.jpeg,0,福建
7302232324941384971,7302241408680887059,希望老板每天都可以怎么开心[抱抱你][抱抱你],1700185576,黑风寨 康康,132bbf2660a12a747cfd7e1dcc0afcd3.jpeg,0,重庆
7302232324941384971,7302240900847420172,看完日出形象全无[捂脸][捂脸][捂脸],1700185458,古水心月,93d3a048e4700f10713c26d06f178426.jpeg,0,广东
7302232324941384971,7302240597946925839,,1700185387,今天也去按脚,d5fd7baf2862c53979a9aa4260aad19a.jpeg,0,日本
7302232324941384971,7302240416949666579,全蛋冻成冰蛋了  形象又变了[呲牙],1700185341,🐟爸,bbf890cb37a5aa5b981a997d925f0431.jpeg,0,浙江
7302232324941384971,7302239653792400191,全蛋要永远开心哦[比心][比心][比心],1700185167,Real Z,32a97749b4d162b37f512f3ff0522241.jpeg,0,浙江
7302232324941384971,7302239629796557595,大显眼包,1700185159,战斗,799147c5222c090fdad1dd504a051fa0.jpeg,1,陕西
7302232324941384971,7302239572535509771,显眼包,1700185144,🌈賀賀🍃,835cddd6fa5bd033bd43f5f7ddd8a54e.jpeg,0,北京
7302232324941384971,7302239508836713270,喝点姜水,1700185130,🍪..,0bd849db3b34260745c8e7494fc4beb2.jpeg,0,山东
7302232324941384971,7302239485487203098,,1700185125,设计橙,49332a18b772a6fbe8c935cca860c217.jpeg,0,广东
7302232324941384971,7302239436875891482,,1700185115,设计橙,49332a18b772a6fbe8c935cca860c217.jpeg,0,广东
7302232324941384971,7302238359745135400,[送心][送心][送心],1700184867,🦁……,a854d0e9d1879e627e47f31545642f50.jpeg,0,陕西
7302232324941384971,7302237809644667700,螃蟹舞[赞][赞][赞][鼓掌][鼓掌][鼓掌],1700184736,情义狐狸,e9f5121e9fe88709b1afc697465cd219.jpeg,0,湖南
7302232324941384971,7302237817080447798,螃蟹[看][看][看],1700184736,As before＂⁵¹⁰⁷⁴,3803df052a64f0342c15feeeb5b31d8c.jpeg,0,福建
7302232324941384971,7302237783584998170,螃蟹步,1700184728,猪猪,baecfa9e28563e9469e32b0cb9d801d5.jpeg,0,湖北
7302232324941384971,7302237591490380544,[比心][比心][比心],1700184685,··MJ··,533742e38ce002a7a7f4dbd178e2c19b.jpeg,0,山东
7302232324941384971,7302237219514860324,经典螃蟹步,1700184600,陈啊满,67adebd404ce1fe4a8192887a331a2ff.jpeg,0,浙江
7302232324941384971,7302237003230987017,躺掉水坑那段呢[捂脸][捂脸][捂脸][捂脸],1700184548,🎆꧔ꦿ℘君莫笑💞᪲🎆⁵¹⁰⁷⁴,760785b539b18cdde41af81b84931abc.jpeg,0,辽宁
7302232324941384971,7302236875472962331,我录的咋没这么清晰,1700184520,🎆꧔ꦿ℘君莫笑💞᪲🎆⁵¹⁰⁷⁴,760785b539b18cdde41af81b84931abc.jpeg,1,辽宁
7302232324941384971,7302236460567806730,🦀🦀,1700184421,Xu,b5121956a6459b339660c1ba30f04063.jpeg,0,重庆
7302232324941384971,7302235956139688719,张小憨憨，可可爱爱[爱心],1700184305,我家大王…她超凶,dc33cc629fdb689831416e065c94292a.jpeg,0,广东
7302232324941384971,7302125472887898919,抓到一小只（宝贝）,1700184304,破晓,f6f151621b9e822d9fe7a46cf4e6a9b8.jpeg,0,北京
7302232324941384971,7302235889106699035,,1700184289,骚爷,44454abef4d767390b0ae6417b1ed22f.jpeg,0,四川
7302232324941384971,7302235884220187443,寨主，你为什么跳舞跳的螃蟹步[呲牙][呲牙][呲牙],1700184288,天使彦,dac5305c5dea45bf5a932a412bfa196d.jpeg,0,福建
7302232324941384971,7302235823494890290,这是什么舞[捂脸],1700184273,Lin、,8d66b4a8f856ef88e99c4d1ef1ef303e.jpeg,2,北京
7302232324941384971,7302235518400906038,就我没看到吗？[泣不成声][泣不成声][泣不成声],1700184202,蜗牛散步⍤⃝,a0b891e3f3c01ab5316dcec2e77f0fff.jpeg,0,重庆
7302232324941384971,7302235456263160615,之前是谁说她社恐来着[打脸],1700184190,黑白灰,9cacd3ed4a74f5a12b04c449337e5b09.jpeg,0,福建
7302232324941384971,7302235430036407080,我早上看了,1700184184,王也,76b508940e37611abd8d2983dd1ddf7e.jpeg,0,云南
7302232324941384971,7302235257993020199,[色][色][色],1700184141,荒⁵¹⁰⁷⁴,8cb7ec8597c5255b863291c3cee26212.jpeg,0,浙江
7302232324941384971,7302235084899074826,,1700184102,勇哥i,973dff9c5d6a35c3695a8189fc71f42b.jpeg,0,北京
7302232324941384971,7302234992594928419,张君“宝”好可耐[666][赞][一起加油],1700184080,用户3616362456894,2f0c1d624595a7527daa35a19cf309de.jpeg,0,辽宁
7302232324941384971,7302234924773360436,[玫瑰][玫瑰][玫瑰],1700184065,用户1368639900961,2f0c1d624595a7527daa35a19cf309de.jpeg,0,北京
7302232324941384971,7302234721647018786,[爱心][爱心][爱心],1700184018,☞石屋乂☜,eefd62f245bb0d43307115cc1992dc90.jpeg,0,浙江
7302232324941384971,7302234470143296297,在现场[机智],1700183958,十一,58ed82959d7b80a43271815737ce739f.jpeg,0,广东
7302232324941384971,7302234454361473829,好[捂脸] 我都没睡醒[捂脸],1700183956,↬啊輝•༺𝓶.𝔂༻,ee02bd3e6a99aabc94b2b3bd571d6be8.jpeg,0,IP未知
7302232324941384971,7302234197120516901,好看，爱看，卖房看,1700183897,𩵋,710d8a0c0bfb7ad98f958cec0f213679.jpeg,0,广东
7302232324941384971,7302234152291156755,好看好看，跳的很好,1700183886,黑白灰,9cacd3ed4a74f5a12b04c449337e5b09.jpeg,0,福建
7302232324941384971,7302234074709246729,熬了个通宵～好好休息哦～,1700183866,L..,acefc23338a892f58447d188f71bc56f.jpeg,0,江西
7302232324941384971,7302233989112513332,小卡拉米[捂脸],1700183849,缘随而安,7f6214d0e415c1c2fe3cbd1a08102c74.jpeg,0,广东
7302232324941384971,7302233863991280394,[比心][比心][比心][比心][比心][比心],1700183816,欢喜,17e32641287f808fb6ed7e3e60e551df.jpeg,0,吉林
7302232324941384971,7302233788652782347,？,1700183798,无所谓💤,173e65823a15372a7753d9103b229304.jpeg,0,广东
7302232324941384971,7302233764163388199,[抠鼻][抠鼻][抠鼻],1700183794,小笑(👿桀桀桀👿),d24dd2bdc115be12cda250fd22c50362.jpeg,0,安徽
7302232324941384971,7302233717661090560,来晚了[捂脸][捂脸],1700183785,🕊꧔ꦿ᭄💞半生ℯ꧔ꦿ᭄💞,b7bf5c7298bdf851e1556e9a853c1e9f.jpeg,0,山东
7302232324941384971,7302233683137102644,[比心][比心],1700183774,💫凝✨霜✨月💫,d9ab76bbd43774d443e22c240483834e.jpeg,0,山东
7302232324941384971,7302233505306903348,真的很可爱[爱心],1700183733,慢冷。,085f606e71fb7e99db6ab597a552b2d9.jpeg,0,湖北
7302232324941384971,7302233384729166630,就当我也看了 [飞吻][飞吻][飞吻],1700183705,用户2514984073926,2f0c1d624595a7527daa35a19cf309de.jpeg,0,广东
7302232324941384971,7302233311916114707,看着挺好玩[呲牙][呲牙][呲牙],1700183688,🐉蝶舞清風☀️ Vierra,7fc122a4e727a2cd6ddcd87e889180a2.jpeg,0,北京
7302232324941384971,7302233235428737826,全蛋属实是有点小可爱[捂脸][捂脸],1700183671,ゞ编識ξ夢話ω,cd3a5983be64c50e3b14d0450fe0a7f3.jpeg,0,江西
7302232324941384971,7302233094462505767,[比心][比心][比心],1700183639,偷笑,ef86c757e17a5550869277ef42e556e5.jpeg,0,山东
7302232324941384971,7302233009280434970,来了来了[呲牙][呲牙][呲牙],1700183617,噶你腰子,61da7cb8fc5db9a171fa314ec2ec055e.jpeg,0,福建
7302232324941384971,7302232977176658703,好好好！,1700183609,心灵捕手,3e154b6b605d932e150610b6400b8f52.jpeg,0,浙江
7302232324941384971,7302232975017214758,好可爱[笑哭][笑哭][笑哭][笑哭][笑哭][笑哭][笑哭][笑哭][笑哭],1700183609,不离不弃♥,a8255d49ec9ba16edf7844576b608e0b.jpeg,0,广东
7302232324941384971,7302232920835343119,[抱抱你][抱抱你][抱抱你],1700183599,い时光｀流年,21f5f6e1afcae907d2f7a668bad30dd2.jpeg,0,湖南
7302232324941384971,7302232917039252251,,1700183596,小阿波,782e85231c7bd167508a89716a2b09ac.jpeg,0,湖南
7302232324941384971,7302232897146585910,[玫瑰][玫瑰][玫瑰],1700183595,陆拾陆,ae32771d167829592662b4ab7ad6c763.jpeg,0,江西
